DROP DATABASE
CREATE DATABASE
DROP TABLE
DROP TABLE
DROP TABLE
CREATE TABLE
CREATE TABLE
CREATE TABLE
INSERT 0 3
INSERT 0 5
INSERT 0 5
 flight_id | flight_num |     flight_time     | plane_id | end_sales 
-----------+------------+---------------------+----------+-----------
         1 |          1 | 2016-11-28 20:38:40 |        1 |         0
         2 |          2 | 2016-11-29 19:38:40 |        2 |         0
         3 |          3 | 2016-12-01 01:38:20 |        1 |         0
         4 |          4 | 2016-12-14 03:38:40 |        2 |         0
         5 |          5 | 2016-12-16 13:38:10 |        2 |         0
(5 строк)

 flight_id | seat_no | status |    reserved_time    
-----------+---------+--------+---------------------
         1 |       1 |      1 | 2016-11-28 13:38:10
         1 |       2 |      2 | 2016-11-28 10:38:10
         1 |       3 |      1 | 2016-11-27 13:38:10
         2 |       2 |      2 | 2016-11-26 13:38:10
         2 |       5 |      1 | 2016-11-29 13:38:10
(5 строк)

DROP FUNCTION
CREATE FUNCTION
 seat 
------
    4
    5
    6
    7
    8
    9
   10
   11
   12
   13
   14
   15
   16
   17
   18
   19
   20
   21
   22
   23
   24
   25
   26
   27
   28
   29
   30
   31
   32
   33
   34
   35
   36
   37
   38
   39
   40
   41
   42
   43
   44
   45
   46
   47
   48
   49
   50
   51
   52
   53
   54
   55
   56
   57
   58
   59
   60
   61
   62
   63
   64
   65
   66
   67
   68
   69
   70
   71
   72
   73
   74
   75
   76
   77
   78
   79
   80
   81
   82
   83
   84
   85
   86
   87
   88
   89
   90
   91
   92
   93
   94
   95
   96
   97
   98
   99
  100
(97 строк)

 seat 
------
    1
    3
    4
    6
    7
    8
    9
   10
   11
   12
   13
   14
   15
   16
   17
   18
   19
   20
   21
   22
   23
   24
   25
   26
   27
   28
   29
   30
   31
   32
   33
   34
   35
   36
   37
   38
   39
   40
   41
   42
   43
   44
   45
   46
   47
   48
   49
   50
   51
   52
   53
   54
   55
   56
   57
   58
   59
   60
   61
   62
   63
   64
   65
   66
   67
   68
   69
   70
   71
   72
   73
   74
   75
   76
   77
   78
   79
   80
   81
   82
   83
   84
   85
   86
   87
   88
   89
   90
   91
   92
   93
   94
   95
   96
   97
   98
   99
  100
  101
  102
  103
  104
  105
  106
  107
  108
  109
  110
  111
  112
  113
  114
  115
  116
  117
  118
  119
  120
(118 строк)

DROP FUNCTION
CREATE FUNCTION
DROP FUNCTION
CREATE FUNCTION
 extend_reservation 
--------------------
 t
(1 строка)

DROP FUNCTION
CREATE FUNCTION
